100
43 19
50 36
9 7
35 20
50 37
49 5
7 3
42 20
12 5
29 28
43 7
42 19
25 24
3 3
32 4
26 25
27 23
44 44
14 5
5 5
35 9
19 5
39 37
50 3
20 18
33 5
34 22
21 7
10 7
32 14
29 28
39 9
3 3
12 12
48 9
39 9
10 10
6 5
34 28
32 22
20 12
24 12
6 4
49 24
7 3
18 4
34 15
14 6
48 12
36 16
23 8
35 18
15 5
23 6
50 35
22 10
22 17
26 12
16 10
19 17
49 6
28 17
47 45
24 20
11 5
14 9
26 12
14 3
32 22
46 32
29 20
31 31
24 10
47 27
7 7
42 13
13 12
46 18
27 27
38 23
6 4
18 4
14 12
21 6
46 43
29 7
10 4
11 9
45 29
37 32
41 17
43 27
16 13
25 23
29 17
47 31
28 20
3 3
24 15
22 20