2 2 1 1 1 1 1 1 1 1 1 1 1 1 1 1 1 1 1 
2 2 2 2 2 2 2 2 2 2 2 2 2 2 1 1 1 1 1 1 1 1 1 1 1 1 1 1 1 1 1 1 1 1 1 1 
2 2 1 1 1 1 1 
2 2 2 2 2 2 2 2 2 2 2 2 2 2 2 1 1 1 1 1 
2 2 2 2 2 2 2 2 2 2 2 2 2 1 1 1 1 1 1 1 1 1 1 1 1 1 1 1 1 1 1 1 1 1 1 1 1 
9 9 9 9 45 
2 2 1 
3 3 1 1 1 1 1 1 1 1 1 1 1 1 1 1 1 1 1 1 
2 2 1 1 2 
2 1 1 1 1 1 1 1 1 1 1 1 1 1 1 1 1 1 1 1 1 1 1 1 1 1 1 1 
6 6 6 6 6 6 1 
3 3 1 1 1 1 1 1 1 1 1 1 1 1 1 1 1 1 2 
2 1 1 1 1 1 1 1 1 1 1 1 1 1 1 1 1 1 1 1 1 1 1 1 
1 1 1 
8 8 8 8 
2 1 1 1 1 1 1 1 1 1 1 1 1 1 1 1 1 1 1 1 1 1 1 1 1 
2 2 2 2 1 1 1 1 1 1 1 1 1 1 1 1 1 1 1 1 1 1 1 
1 1 1 1 1 1 1 1 1 1 1 1 1 1 1 1 1 1 1 1 1 1 1 1 1 1 1 1 1 1 1 1 1 1 1 1 1 1 1 1 1 1 1 1 
3 3 1 1 2 
1 1 1 1 1 
3 3 3 1 1 1 1 1 1 
3 3 3 1 1 
2 2 1 1 1 1 1 1 1 1 1 1 1 1 1 1 1 1 1 1 1 1 1 1 1 1 1 1 1 1 1 1 1 1 1 1 1 
23 23 2 
2 2 1 1 1 1 1 1 1 1 1 1 1 1 1 1 1 1 
6 6 6 6 12 
2 2 2 2 2 2 2 2 2 2 2 2 1 1 1 1 1 1 1 1 1 1 
3 3 3 1 1 1 1 
2 2 2 1 1 1 1 
4 4 1 1 1 1 1 1 1 1 1 1 1 1 
2 1 1 1 1 1 1 1 1 1 1 1 1 1 1 1 1 1 1 1 1 1 1 1 1 1 1 1 
4 4 4 4 1 1 1 1 1 
1 1 1 
1 1 1 1 1 1 1 1 1 1 1 1 
16 16 1 1 1 1 1 1 2 
4 4 4 4 1 1 1 1 1 
1 1 1 1 1 1 1 1 1 1 
2 1 1 1 1 
2 2 2 2 2 2 1 1 1 1 1 1 1 1 1 1 1 1 1 1 1 1 1 1 1 1 1 1 
2 2 2 2 2 2 2 2 2 2 1 1 1 1 1 1 1 1 1 1 1 1 
2 2 2 2 2 2 2 2 1 1 1 1 
2 2 2 2 2 2 2 2 2 2 2 2 
2 2 1 1 
2 2 1 1 1 1 1 1 1 1 1 1 1 1 1 1 1 1 1 1 1 1 1 1 
2 2 1 
7 7 1 1 
3 3 1 1 1 1 1 1 1 1 1 1 1 1 2 
3 3 1 1 1 1 
4 4 4 4 4 4 4 4 4 4 4 4 
4 4 1 1 1 1 1 1 1 1 1 1 1 1 1 1 
2 2 1 1 1 1 1 1 
2 2 2 2 2 2 2 2 2 2 2 2 2 2 2 2 2 1 
3 3 3 1 1 
3 3 3 1 1 1 
2 2 2 2 2 2 2 2 2 2 2 2 2 2 2 1 1 1 1 1 1 1 1 1 1 1 1 1 1 1 1 1 1 1 1 
3 3 1 1 1 1 1 1 1 1 
2 2 2 2 2 1 1 1 1 1 1 1 1 1 1 1 1 
3 3 1 1 1 1 1 1 1 1 1 1 
2 2 2 2 2 2 1 1 1 1 
2 2 1 1 1 1 1 1 1 1 1 1 1 1 1 1 1 
8 8 8 8 8 24 
2 2 2 2 2 2 2 2 2 2 2 1 1 1 1 1 1 
2 2 1 1 1 1 1 1 1 1 1 1 1 1 1 1 1 1 1 1 1 1 1 1 1 1 1 1 1 1 1 1 1 1 1 1 1 1 1 1 1 1 1 1 1 
2 2 2 2 1 1 1 1 1 1 1 1 1 1 1 1 1 1 1 1 
2 2 1 1 1 
2 2 2 2 2 1 1 1 1 
3 3 1 1 1 1 1 1 1 1 1 1 
5 5 2 
2 2 2 2 2 2 2 2 2 2 1 1 1 1 1 1 1 1 1 1 1 1 
2 2 2 2 2 2 2 2 2 2 2 2 2 2 1 1 1 1 1 1 1 1 1 1 1 1 1 1 1 1 1 1 
2 2 2 2 2 2 2 2 2 1 1 1 1 1 1 1 1 1 1 1 
1 1 1 1 1 1 1 1 1 1 1 1 1 1 1 1 1 1 1 1 1 1 1 1 1 1 1 1 1 1 1 
4 4 1 1 1 1 1 1 1 1 
2 2 2 2 2 2 2 2 2 2 2 2 2 2 2 2 2 2 2 2 1 1 1 1 1 1 1 
1 1 1 1 1 1 1 
9 9 1 1 1 1 1 1 1 1 1 1 2 
2 1 1 1 1 1 1 1 1 1 1 1 
7 7 1 1 1 1 1 1 1 1 1 1 1 1 1 1 1 1 
1 1 1 1 1 1 1 1 1 1 1 1 1 1 1 1 1 1 1 1 1 1 1 1 1 1 1 
2 2 2 2 2 2 2 2 2 2 2 2 2 2 2 1 1 1 1 1 1 1 1 
2 2 1 1 
7 7 1 1 
2 2 1 1 1 1 1 1 1 1 1 1 
3 3 3 1 1 1 
2 2 2 1 1 1 1 1 1 1 1 1 1 1 1 1 1 1 1 1 1 1 1 1 1 1 1 1 1 1 1 1 1 1 1 1 1 1 1 1 1 1 1 
4 4 4 4 1 1 1 
3 3 1 1 
2 2 1 1 1 1 1 1 1 
2 2 2 2 2 2 2 2 2 2 2 2 2 2 2 2 1 1 1 1 1 1 1 1 1 1 1 1 1 
2 2 2 2 2 1 1 1 1 1 1 1 1 1 1 1 1 1 1 1 1 1 1 1 1 1 1 1 1 1 1 1 
2 2 1 1 1 1 1 1 1 1 1 1 1 1 1 1 1 
2 2 2 2 2 2 2 2 2 2 2 2 2 2 2 2 1 1 1 1 1 1 1 1 1 1 1 
2 2 2 1 1 1 1 1 1 1 1 1 1 
2 2 1 1 1 1 1 1 1 1 1 1 1 1 1 1 1 1 1 1 1 1 1 
2 2 2 2 2 2 2 2 2 2 2 2 1 1 1 1 1 
2 2 2 2 2 2 2 2 2 2 2 2 2 2 2 2 1 1 1 1 1 1 1 1 1 1 1 1 1 1 1 
2 2 2 2 2 2 2 2 1 1 1 1 1 1 1 1 1 1 1 1 
1 1 1 
2 2 2 2 2 2 2 2 2 1 1 1 1 1 1 
2 2 1 1 1 1 1 1 1 1 1 1 1 1 1 1 1 1 1 1 
