1 1 1
2 2 10
3 3 11
4 3 100
5 4 101
6 4 110
7 5 111
8 4 1000
9 5 1001
10 5 1010
11 6 1011
12 5 1100
13 6 1101
14 6 1110
15 7 1111
16 5 10000
17 6 10001
18 6 10010
19 7 10011
20 6 10100
21 7 10101
22 7 10110
23 8 10111
24 6 11000
25 7 11001
26 7 11010
27 8 11011
28 7 11100
29 8 11101
30 8 11110
31 9 11111
32 6 100000
33 7 100001
34 7 100010
35 8 100011
36 7 100100
37 8 100101
38 8 100110
39 9 100111
40 7 101000
41 8 101001
42 8 101010
43 9 101011
44 8 101100
45 9 101101
46 9 101110
47 10 101111
48 7 110000
49 8 110001
50 8 110010
51 9 110011
52 8 110100
53 9 110101
54 9 110110
55 10 110111
56 8 111000
57 9 111001
58 9 111010
59 10 111011
60 9 111100
61 10 111101
62 10 111110
63 11 111111
64 7 1000000
65 8 1000001
66 8 1000010
67 9 1000011
68 8 1000100
69 9 1000101
70 9 1000110
71 10 1000111
72 8 1001000
73 9 1001001
74 9 1001010
75 10 1001011
76 9 1001100
77 10 1001101
78 10 1001110
79 11 1001111
80 8 1010000
81 9 1010001
82 9 1010010
83 10 1010011
84 9 1010100
85 10 1010101
86 10 1010110
87 11 1010111
88 9 1011000
89 10 1011001
90 10 1011010
91 11 1011011
92 10 1011100
93 11 1011101
94 11 1011110
95 12 1011111
96 8 1100000
97 9 1100001
98 9 1100010
99 10 1100011
100 9 1100100
101 10 1100101
102 10 1100110
103 11 1100111
104 9 1101000
105 10 1101001
106 10 1101010
107 11 1101011
108 10 1101100
109 11 1101101
110 11 1101110
111 12 1101111
112 9 1110000
113 10 1110001
114 10 1110010
115 11 1110011
116 10 1110100
117 11 1110101
118 11 1110110
119 12 1110111
120 10 1111000
121 11 1111001
122 11 1111010
123 12 1111011
124 11 1111100
125 12 1111101
126 12 1111110
127 13 1111111
128 8 10000000
129 9 10000001
130 9 10000010
131 10 10000011
132 9 10000100
133 10 10000101
134 10 10000110
135 11 10000111
136 9 10001000
137 10 10001001
138 10 10001010
139 11 10001011
140 10 10001100
141 11 10001101
142 11 10001110
143 12 10001111
144 9 10010000
145 10 10010001
146 10 10010010
147 11 10010011
148 10 10010100
149 11 10010101
150 11 10010110
151 12 10010111
152 10 10011000
153 11 10011001
154 11 10011010
155 12 10011011
156 11 10011100
157 12 10011101
158 12 10011110
159 13 10011111
160 9 10100000
161 10 10100001
162 10 10100010
163 11 10100011
164 10 10100100
165 11 10100101
166 11 10100110
167 12 10100111
168 10 10101000
169 11 10101001
170 11 10101010
171 12 10101011
172 11 10101100
173 12 10101101
174 12 10101110
175 13 10101111
176 10 10110000
177 11 10110001
178 11 10110010
179 12 10110011
180 11 10110100
181 12 10110101
182 12 10110110
183 13 10110111
184 11 10111000
185 12 10111001
186 12 10111010
187 13 10111011
188 12 10111100
189 13 10111101
190 13 10111110
191 14 10111111
192 9 11000000
193 10 11000001
194 10 11000010
195 11 11000011
196 10 11000100
197 11 11000101
198 11 11000110
199 12 11000111
200 10 11001000
201 11 11001001
202 11 11001010
203 12 11001011
204 11 11001100
205 12 11001101
206 12 11001110
207 13 11001111
208 10 11010000
209 11 11010001
210 11 11010010
211 12 11010011
212 11 11010100
213 12 11010101
214 12 11010110
215 13 11010111
216 11 11011000
217 12 11011001
218 12 11011010
219 13 11011011
220 12 11011100
221 13 11011101
222 13 11011110
223 14 11011111
224 10 11100000
225 11 11100001
226 11 11100010
227 12 11100011
228 11 11100100
229 12 11100101
230 12 11100110
231 13 11100111
232 11 11101000
233 12 11101001
234 12 11101010
235 13 11101011
236 12 11101100
237 13 11101101
238 13 11101110
239 14 11101111
240 11 11110000
241 12 11110001
242 12 11110010
243 13 11110011
244 12 11110100
245 13 11110101
246 13 11110110
247 14 11110111
248 12 11111000
249 13 11111001
250 13 11111010
251 14 11111011
252 13 11111100
253 14 11111101
254 14 11111110
255 15 11111111
256 9 100000000
257 10 100000001
258 10 100000010
259 11 100000011
260 10 100000100
261 11 100000101
262 11 100000110
263 12 100000111
264 10 100001000
265 11 100001001
266 11 100001010
267 12 100001011
268 11 100001100
269 12 100001101
270 12 100001110
271 13 100001111
272 10 100010000
273 11 100010001
274 11 100010010
275 12 100010011
276 11 100010100
277 12 100010101
278 12 100010110
279 13 100010111
280 11 100011000
281 12 100011001
282 12 100011010
283 13 100011011
284 12 100011100
285 13 100011101
286 13 100011110
287 14 100011111
288 10 100100000
289 11 100100001
290 11 100100010
291 12 100100011
292 11 100100100
293 12 100100101
294 12 100100110
295 13 100100111
296 11 100101000
297 12 100101001
298 12 100101010
299 13 100101011
300 12 100101100
301 13 100101101
302 13 100101110
303 14 100101111
304 11 100110000
305 12 100110001
306 12 100110010
307 13 100110011
308 12 100110100
309 13 100110101
310 13 100110110
311 14 100110111
312 12 100111000
313 13 100111001
314 13 100111010
315 14 100111011
316 13 100111100
317 14 100111101
318 14 100111110
319 15 100111111
320 10 101000000
321 11 101000001
322 11 101000010
323 12 101000011
324 11 101000100
325 12 101000101
326 12 101000110
327 13 101000111
328 11 101001000
329 12 101001001
330 12 101001010
331 13 101001011
332 12 101001100
333 13 101001101
334 13 101001110
335 14 101001111
336 11 101010000
337 12 101010001
338 12 101010010
339 13 101010011
340 12 101010100
341 13 101010101
342 13 101010110
343 14 101010111
344 12 101011000
345 13 101011001
346 13 101011010
347 14 101011011
348 13 101011100
349 14 101011101
350 14 101011110
351 15 101011111
352 11 101100000
353 12 101100001
354 12 101100010
355 13 101100011
356 12 101100100
357 13 101100101
358 13 101100110
359 14 101100111
360 12 101101000
361 13 101101001
362 13 101101010
363 14 101101011
364 13 101101100
365 14 101101101
366 14 101101110
367 15 101101111
368 12 101110000
369 13 101110001
370 13 101110010
371 14 101110011
372 13 101110100
373 14 101110101
374 14 101110110
375 15 101110111
376 13 101111000
377 14 101111001
378 14 101111010
379 15 101111011
380 14 101111100
381 15 101111101
382 15 101111110
383 16 101111111
384 10 110000000
385 11 110000001
386 11 110000010
387 12 110000011
388 11 110000100
389 12 110000101
390 12 110000110
391 13 110000111
392 11 110001000
393 12 110001001
394 12 110001010
395 13 110001011
396 12 110001100
397 13 110001101
398 13 110001110
399 14 110001111
400 11 110010000
401 12 110010001
402 12 110010010
403 13 110010011
404 12 110010100
405 13 110010101
406 13 110010110
407 14 110010111
408 12 110011000
409 13 110011001
410 13 110011010
411 14 110011011
412 13 110011100
413 14 110011101
414 14 110011110
415 15 110011111
416 11 110100000
417 12 110100001
418 12 110100010
419 13 110100011
420 12 110100100
421 13 110100101
422 13 110100110
423 14 110100111
424 12 110101000
425 13 110101001
426 13 110101010
427 14 110101011
428 13 110101100
429 14 110101101
430 14 110101110
431 15 110101111
432 12 110110000
433 13 110110001
434 13 110110010
435 14 110110011
436 13 110110100
437 14 110110101
438 14 110110110
439 15 110110111
440 13 110111000
441 14 110111001
442 14 110111010
443 15 110111011
444 14 110111100
445 15 110111101
446 15 110111110
447 16 110111111
448 11 111000000
449 12 111000001
450 12 111000010
451 13 111000011
452 12 111000100
453 13 111000101
454 13 111000110
455 14 111000111
456 12 111001000
457 13 111001001
458 13 111001010
459 14 111001011
460 13 111001100
461 14 111001101
462 14 111001110
463 15 111001111
464 12 111010000
465 13 111010001
466 13 111010010
467 14 111010011
468 13 111010100
469 14 111010101
470 14 111010110
471 15 111010111
472 13 111011000
473 14 111011001
474 14 111011010
475 15 111011011
476 14 111011100
477 15 111011101
478 15 111011110
479 16 111011111
480 12 111100000
481 13 111100001
482 13 111100010
483 14 111100011
484 13 111100100
485 14 111100101
486 14 111100110
487 15 111100111
488 13 111101000
489 14 111101001
490 14 111101010
491 15 111101011
492 14 111101100
493 15 111101101
494 15 111101110
495 16 111101111
496 13 111110000
497 14 111110001
498 14 111110010
499 15 111110011
500 14 111110100
501 15 111110101
502 15 111110110
503 16 111110111
504 14 111111000
505 15 111111001
506 15 111111010
507 16 111111011
508 15 111111100
509 16 111111101
510 16 111111110
511 17 111111111
512 10 1000000000
513 11 1000000001
514 11 1000000010
515 12 1000000011
516 11 1000000100
517 12 1000000101
518 12 1000000110
519 13 1000000111
520 11 1000001000
521 12 1000001001
522 12 1000001010
523 13 1000001011
524 12 1000001100
525 13 1000001101
526 13 1000001110
527 14 1000001111
528 11 1000010000
529 12 1000010001
530 12 1000010010
531 13 1000010011
532 12 1000010100
533 13 1000010101
534 13 1000010110
535 14 1000010111
536 12 1000011000
537 13 1000011001
538 13 1000011010
539 14 1000011011
540 13 1000011100
541 14 1000011101
542 14 1000011110
543 15 1000011111
544 11 1000100000
545 12 1000100001
546 12 1000100010
547 13 1000100011
548 12 1000100100
549 13 1000100101
550 13 1000100110
551 14 1000100111
552 12 1000101000
553 13 1000101001
554 13 1000101010
555 14 1000101011
556 13 1000101100
557 14 1000101101
558 14 1000101110
559 15 1000101111
560 12 1000110000
561 13 1000110001
562 13 1000110010
563 14 1000110011
564 13 1000110100
565 14 1000110101
566 14 1000110110
567 15 1000110111
568 13 1000111000
569 14 1000111001
570 14 1000111010
571 15 1000111011
572 14 1000111100
573 15 1000111101
574 15 1000111110
575 16 1000111111
576 11 1001000000
577 12 1001000001
578 12 1001000010
579 13 1001000011
580 12 1001000100
581 13 1001000101
582 13 1001000110
583 14 1001000111
584 12 1001001000
585 13 1001001001
586 13 1001001010
587 14 1001001011
588 13 1001001100
589 14 1001001101
590 14 1001001110
591 15 1001001111
592 12 1001010000
593 13 1001010001
594 13 1001010010
595 14 1001010011
596 13 1001010100
597 14 1001010101
598 14 1001010110
599 15 1001010111
600 13 1001011000
601 14 1001011001
602 14 1001011010
603 15 1001011011
604 14 1001011100
605 15 1001011101
606 15 1001011110
607 16 1001011111
608 12 1001100000
609 13 1001100001
610 13 1001100010
611 14 1001100011
612 13 1001100100
613 14 1001100101
614 14 1001100110
615 15 1001100111
616 13 1001101000
617 14 1001101001
618 14 1001101010
619 15 1001101011
620 14 1001101100
621 15 1001101101
622 15 1001101110
623 16 1001101111
624 13 1001110000
625 14 1001110001
626 14 1001110010
627 15 1001110011
628 14 1001110100
629 15 1001110101
630 15 1001110110
631 16 1001110111
632 14 1001111000
633 15 1001111001
634 15 1001111010
635 16 1001111011
636 15 1001111100
637 16 1001111101
638 16 1001111110
639 17 1001111111
640 11 1010000000
641 12 1010000001
642 12 1010000010
643 13 1010000011
644 12 1010000100
645 13 1010000101
646 13 1010000110
647 14 1010000111
648 12 1010001000
649 13 1010001001
650 13 1010001010
651 14 1010001011
652 13 1010001100
653 14 1010001101
654 14 1010001110
655 15 1010001111
656 12 1010010000
657 13 1010010001
658 13 1010010010
659 14 1010010011
660 13 1010010100
661 14 1010010101
662 14 1010010110
663 15 1010010111
664 13 1010011000
665 14 1010011001
666 14 1010011010
667 15 1010011011
668 14 1010011100
669 15 1010011101
670 15 1010011110
671 16 1010011111
672 12 1010100000
673 13 1010100001
674 13 1010100010
675 14 1010100011
676 13 1010100100
677 14 1010100101
678 14 1010100110
679 15 1010100111
680 13 1010101000
681 14 1010101001
682 14 1010101010
683 15 1010101011
684 14 1010101100
685 15 1010101101
686 15 1010101110
687 16 1010101111
688 13 1010110000
689 14 1010110001
690 14 1010110010
691 15 1010110011
692 14 1010110100
693 15 1010110101
694 15 1010110110
695 16 1010110111
696 14 1010111000
697 15 1010111001
698 15 1010111010
699 16 1010111011
700 15 1010111100
701 16 1010111101
702 16 1010111110
703 17 1010111111
704 12 1011000000
705 13 1011000001
706 13 1011000010
707 14 1011000011
708 13 1011000100
709 14 1011000101
710 14 1011000110
711 15 1011000111
712 13 1011001000
713 14 1011001001
714 14 1011001010
715 15 1011001011
716 14 1011001100
717 15 1011001101
718 15 1011001110
719 16 1011001111
720 13 1011010000
721 14 1011010001
722 14 1011010010
723 15 1011010011
724 14 1011010100
725 15 1011010101
726 15 1011010110
727 16 1011010111
728 14 1011011000
729 15 1011011001
730 15 1011011010
731 16 1011011011
732 15 1011011100
733 16 1011011101
734 16 1011011110
735 17 1011011111
736 13 1011100000
737 14 1011100001
738 14 1011100010
739 15 1011100011
740 14 1011100100
741 15 1011100101
742 15 1011100110
743 16 1011100111
744 14 1011101000
745 15 1011101001
746 15 1011101010
747 16 1011101011
748 15 1011101100
749 16 1011101101
750 16 1011101110
751 17 1011101111
752 14 1011110000
753 15 1011110001
754 15 1011110010
755 16 1011110011
756 15 1011110100
757 16 1011110101
758 16 1011110110
759 17 1011110111
760 15 1011111000
761 16 1011111001
762 16 1011111010
763 17 1011111011
764 16 1011111100
765 17 1011111101
766 17 1011111110
767 18 1011111111
768 11 1100000000
769 12 1100000001
770 12 1100000010
771 13 1100000011
772 12 1100000100
773 13 1100000101
774 13 1100000110
775 14 1100000111
776 12 1100001000
777 13 1100001001
778 13 1100001010
779 14 1100001011
780 13 1100001100
781 14 1100001101
782 14 1100001110
783 15 1100001111
784 12 1100010000
785 13 1100010001
786 13 1100010010
787 14 1100010011
788 13 1100010100
789 14 1100010101
790 14 1100010110
791 15 1100010111
792 13 1100011000
793 14 1100011001
794 14 1100011010
795 15 1100011011
796 14 1100011100
797 15 1100011101
798 15 1100011110
799 16 1100011111
800 12 1100100000
801 13 1100100001
802 13 1100100010
803 14 1100100011
804 13 1100100100
805 14 1100100101
806 14 1100100110
807 15 1100100111
808 13 1100101000
809 14 1100101001
810 14 1100101010
811 15 1100101011
812 14 1100101100
813 15 1100101101
814 15 1100101110
815 16 1100101111
816 13 1100110000
817 14 1100110001
818 14 1100110010
819 15 1100110011
820 14 1100110100
821 15 1100110101
822 15 1100110110
823 16 1100110111
824 14 1100111000
825 15 1100111001
826 15 1100111010
827 16 1100111011
828 15 1100111100
829 16 1100111101
830 16 1100111110
831 17 1100111111
832 12 1101000000
833 13 1101000001
834 13 1101000010
835 14 1101000011
836 13 1101000100
837 14 1101000101
838 14 1101000110
839 15 1101000111
840 13 1101001000
841 14 1101001001
842 14 1101001010
843 15 1101001011
844 14 1101001100
845 15 1101001101
846 15 1101001110
847 16 1101001111
848 13 1101010000
849 14 1101010001
850 14 1101010010
851 15 1101010011
852 14 1101010100
853 15 1101010101
854 15 1101010110
855 16 1101010111
856 14 1101011000
857 15 1101011001
858 15 1101011010
859 16 1101011011
860 15 1101011100
861 16 1101011101
862 16 1101011110
863 17 1101011111
864 13 1101100000
865 14 1101100001
866 14 1101100010
867 15 1101100011
868 14 1101100100
869 15 1101100101
870 15 1101100110
871 16 1101100111
872 14 1101101000
873 15 1101101001
874 15 1101101010
875 16 1101101011
876 15 1101101100
877 16 1101101101
878 16 1101101110
879 17 1101101111
880 14 1101110000
881 15 1101110001
882 15 1101110010
883 16 1101110011
884 15 1101110100
885 16 1101110101
886 16 1101110110
887 17 1101110111
888 15 1101111000
889 16 1101111001
890 16 1101111010
891 17 1101111011
892 16 1101111100
893 17 1101111101
894 17 1101111110
895 18 1101111111
896 12 1110000000
897 13 1110000001
898 13 1110000010
899 14 1110000011
900 13 1110000100
901 14 1110000101
902 14 1110000110
903 15 1110000111
904 13 1110001000
905 14 1110001001
906 14 1110001010
907 15 1110001011
908 14 1110001100
909 15 1110001101
910 15 1110001110
911 16 1110001111
912 13 1110010000
913 14 1110010001
914 14 1110010010
915 15 1110010011
916 14 1110010100
917 15 1110010101
918 15 1110010110
919 16 1110010111
920 14 1110011000
921 15 1110011001
922 15 1110011010
923 16 1110011011
924 15 1110011100
925 16 1110011101
926 16 1110011110
927 17 1110011111
928 13 1110100000
929 14 1110100001
930 14 1110100010
931 15 1110100011
932 14 1110100100
933 15 1110100101
934 15 1110100110
935 16 1110100111
936 14 1110101000
937 15 1110101001
938 15 1110101010
939 16 1110101011
940 15 1110101100
941 16 1110101101
942 16 1110101110
943 17 1110101111
944 14 1110110000
945 15 1110110001
946 15 1110110010
947 16 1110110011
948 15 1110110100
949 16 1110110101
950 16 1110110110
951 17 1110110111
952 15 1110111000
953 16 1110111001
954 16 1110111010
955 17 1110111011
956 16 1110111100
957 17 1110111101
958 17 1110111110
959 18 1110111111
960 13 1111000000
961 14 1111000001
962 14 1111000010
963 15 1111000011
964 14 1111000100
965 15 1111000101
966 15 1111000110
967 16 1111000111
968 14 1111001000
969 15 1111001001
970 15 1111001010
971 16 1111001011
972 15 1111001100
973 16 1111001101
974 16 1111001110
975 17 1111001111
976 14 1111010000
977 15 1111010001
978 15 1111010010
979 16 1111010011
980 15 1111010100
981 16 1111010101
982 16 1111010110
983 17 1111010111
984 15 1111011000
985 16 1111011001
986 16 1111011010
987 17 1111011011
988 16 1111011100
989 17 1111011101
990 17 1111011110
991 18 1111011111
992 14 1111100000
993 15 1111100001
994 15 1111100010
995 16 1111100011
996 15 1111100100
997 16 1111100101
998 16 1111100110
999 17 1111100111
1000 15 1111101000
1001 16 1111101001
1002 16 1111101010
1003 17 1111101011
1004 16 1111101100
1005 17 1111101101
1006 17 1111101110
1007 18 1111101111
1008 15 1111110000
1009 16 1111110001
1010 16 1111110010
1011 17 1111110011
1012 16 1111110100
1013 17 1111110101
1014 17 1111110110
1015 18 1111110111
1016 16 1111111000
1017 17 1111111001
1018 17 1111111010
1019 18 1111111011
1020 17 1111111100
1021 18 1111111101
1022 18 1111111110
1023 19 1111111111
1024 11 10000000000
1 1 1
2 2 10
3 3 11
4 3 100
5 4 101
6 4 110
7 5 111
8 4 1000
9 5 1001
10 5 1010
11 6 1011
12 5 1100
13 6 1101
14 6 1110
15 7 1111
16 5 10000
17 6 10001
18 6 10010
19 7 10011
20 6 10100
21 7 10101
22 7 10110
23 8 10111
24 6 11000
25 7 11001
26 7 11010
27 8 11011
28 7 11100
29 8 11101
30 8 11110
31 9 11111
32 6 100000
33 7 100001
34 7 100010
35 8 100011
36 7 100100
37 8 100101
38 8 100110
39 9 100111
40 7 101000
41 8 101001
42 8 101010
43 9 101011
44 8 101100
45 9 101101
46 9 101110
47 10 101111
48 7 110000
49 8 110001
50 8 110010
51 9 110011
52 8 110100
53 9 110101
54 9 110110
55 10 110111
56 8 111000
57 9 111001
58 9 111010
59 10 111011
60 9 111100
61 10 111101
62 10 111110
63 11 111111
64 7 1000000
65 8 1000001
66 8 1000010
67 9 1000011
68 8 1000100
69 9 1000101
70 9 1000110
71 10 1000111
72 8 1001000
73 9 1001001
74 9 1001010
75 10 1001011
76 9 1001100
77 10 1001101
78 10 1001110
79 11 1001111
80 8 1010000
81 9 1010001
82 9 1010010
83 10 1010011
84 9 1010100
85 10 1010101
86 10 1010110
87 11 1010111
88 9 1011000
89 10 1011001
90 10 1011010
91 11 1011011
92 10 1011100
93 11 1011101
94 11 1011110
95 12 1011111
96 8 1100000
97 9 1100001
98 9 1100010
99 10 1100011
100 9 1100100
101 10 1100101
102 10 1100110
103 11 1100111
104 9 1101000
105 10 1101001
106 10 1101010
107 11 1101011
108 10 1101100
109 11 1101101
110 11 1101110
111 12 1101111
112 9 1110000
113 10 1110001
114 10 1110010
115 11 1110011
116 10 1110100
117 11 1110101
118 11 1110110
119 12 1110111
120 10 1111000
121 11 1111001
122 11 1111010
123 12 1111011
124 11 1111100
125 12 1111101
126 12 1111110
127 13 1111111
128 8 10000000
129 9 10000001
130 9 10000010
131 10 10000011
132 9 10000100
133 10 10000101
134 10 10000110
135 11 10000111
136 9 10001000
137 10 10001001
138 10 10001010
139 11 10001011
140 10 10001100
141 11 10001101
142 11 10001110
143 12 10001111
144 9 10010000
145 10 10010001
146 10 10010010
147 11 10010011
148 10 10010100
149 11 10010101
150 11 10010110
151 12 10010111
152 10 10011000
153 11 10011001
154 11 10011010
155 12 10011011
156 11 10011100
157 12 10011101
158 12 10011110
159 13 10011111
160 9 10100000
161 10 10100001
162 10 10100010
163 11 10100011
164 10 10100100
165 11 10100101
166 11 10100110
167 12 10100111
168 10 10101000
169 11 10101001
170 11 10101010
171 12 10101011
172 11 10101100
173 12 10101101
174 12 10101110
175 13 10101111
176 10 10110000
177 11 10110001
178 11 10110010
179 12 10110011
180 11 10110100
181 12 10110101
182 12 10110110
183 13 10110111
184 11 10111000
185 12 10111001
186 12 10111010
187 13 10111011
188 12 10111100
189 13 10111101
190 13 10111110
191 14 10111111
192 9 11000000
193 10 11000001
194 10 11000010
195 11 11000011
196 10 11000100
197 11 11000101
198 11 11000110
199 12 11000111
200 10 11001000
201 11 11001001
202 11 11001010
203 12 11001011
204 11 11001100
205 12 11001101
206 12 11001110
207 13 11001111
208 10 11010000
209 11 11010001
210 11 11010010
211 12 11010011
212 11 11010100
213 12 11010101
214 12 11010110
215 13 11010111
216 11 11011000
217 12 11011001
218 12 11011010
219 13 11011011
220 12 11011100
221 13 11011101
222 13 11011110
223 14 11011111
224 10 11100000
225 11 11100001
226 11 11100010
227 12 11100011
228 11 11100100
229 12 11100101
230 12 11100110
231 13 11100111
232 11 11101000
233 12 11101001
234 12 11101010
235 13 11101011
236 12 11101100
237 13 11101101
238 13 11101110
239 14 11101111
240 11 11110000
241 12 11110001
242 12 11110010
243 13 11110011
244 12 11110100
245 13 11110101
246 13 11110110
247 14 11110111
248 12 11111000
249 13 11111001
250 13 11111010
251 14 11111011
252 13 11111100
253 14 11111101
254 14 11111110
255 15 11111111
256 9 100000000
257 10 100000001
258 10 100000010
259 11 100000011
260 10 100000100
261 11 100000101
262 11 100000110
263 12 100000111
264 10 100001000
265 11 100001001
266 11 100001010
267 12 100001011
268 11 100001100
269 12 100001101
270 12 100001110
271 13 100001111
272 10 100010000
273 11 100010001
274 11 100010010
275 12 100010011
276 11 100010100
277 12 100010101
278 12 100010110
279 13 100010111
280 11 100011000
281 12 100011001
282 12 100011010
283 13 100011011
284 12 100011100
285 13 100011101
286 13 100011110
287 14 100011111
288 10 100100000
289 11 100100001
290 11 100100010
291 12 100100011
292 11 100100100
293 12 100100101
294 12 100100110
295 13 100100111
296 11 100101000
297 12 100101001
298 12 100101010
299 13 100101011
300 12 100101100
301 13 100101101
302 13 100101110
303 14 100101111
304 11 100110000
305 12 100110001
306 12 100110010
307 13 100110011
308 12 100110100
309 13 100110101
310 13 100110110
311 14 100110111
312 12 100111000
313 13 100111001
314 13 100111010
315 14 100111011
316 13 100111100
317 14 100111101
318 14 100111110
319 15 100111111
320 10 101000000
321 11 101000001
322 11 101000010
323 12 101000011
324 11 101000100
325 12 101000101
326 12 101000110
327 13 101000111
328 11 101001000
329 12 101001001
330 12 101001010
331 13 101001011
332 12 101001100
333 13 101001101
334 13 101001110
335 14 101001111
336 11 101010000
337 12 101010001
338 12 101010010
339 13 101010011
340 12 101010100
341 13 101010101
342 13 101010110
343 14 101010111
344 12 101011000
345 13 101011001
346 13 101011010
347 14 101011011
348 13 101011100
349 14 101011101
350 14 101011110
351 15 101011111
352 11 101100000
353 12 101100001
354 12 101100010
355 13 101100011
356 12 101100100
357 13 101100101
358 13 101100110
359 14 101100111
360 12 101101000
361 13 101101001
362 13 101101010
363 14 101101011
364 13 101101100
365 14 101101101
366 14 101101110
367 15 101101111
368 12 101110000
369 13 101110001
370 13 101110010
371 14 101110011
372 13 101110100
373 14 101110101
374 14 101110110
375 15 101110111
376 13 101111000
377 14 101111001
378 14 101111010
379 15 101111011
380 14 101111100
381 15 101111101
382 15 101111110
383 16 101111111
384 10 110000000
385 11 110000001
386 11 110000010
387 12 110000011
388 11 110000100
389 12 110000101
390 12 110000110
391 13 110000111
392 11 110001000
393 12 110001001
394 12 110001010
395 13 110001011
396 12 110001100
397 13 110001101
398 13 110001110
399 14 110001111
400 11 110010000
401 12 110010001
402 12 110010010
403 13 110010011
404 12 110010100
405 13 110010101
406 13 110010110
407 14 110010111
408 12 110011000
409 13 110011001
410 13 110011010
411 14 110011011
412 13 110011100
413 14 110011101
414 14 110011110
415 15 110011111
416 11 110100000
417 12 110100001
418 12 110100010
419 13 110100011
420 12 110100100
421 13 110100101
422 13 110100110
423 14 110100111
424 12 110101000
425 13 110101001
426 13 110101010
427 14 110101011
428 13 110101100
429 14 110101101
430 14 110101110
431 15 110101111
432 12 110110000
433 13 110110001
434 13 110110010
435 14 110110011
436 13 110110100
437 14 110110101
438 14 110110110
439 15 110110111
440 13 110111000
441 14 110111001
442 14 110111010
443 15 110111011
444 14 110111100
445 15 110111101
446 15 110111110
447 16 110111111
448 11 111000000
449 12 111000001
450 12 111000010
451 13 111000011
452 12 111000100
453 13 111000101
454 13 111000110
455 14 111000111
456 12 111001000
457 13 111001001
458 13 111001010
459 14 111001011
460 13 111001100
461 14 111001101
462 14 111001110
463 15 111001111
464 12 111010000
465 13 111010001
466 13 111010010
467 14 111010011
468 13 111010100
469 14 111010101
470 14 111010110
471 15 111010111
472 13 111011000
473 14 111011001
474 14 111011010
475 15 111011011
476 14 111011100
477 15 111011101
478 15 111011110
479 16 111011111
480 12 111100000
481 13 111100001
482 13 111100010
483 14 111100011
484 13 111100100
485 14 111100101
486 14 111100110
487 15 111100111
488 13 111101000
489 14 111101001
490 14 111101010
491 15 111101011
492 14 111101100
493 15 111101101
494 15 111101110
495 16 111101111
496 13 111110000
497 14 111110001
498 14 111110010
499 15 111110011
500 14 111110100
501 15 111110101
502 15 111110110
503 16 111110111
504 14 111111000
505 15 111111001
506 15 111111010
507 16 111111011
508 15 111111100
509 16 111111101
510 16 111111110
511 17 111111111
512 10 1000000000
513 11 1000000001
514 11 1000000010
515 12 1000000011
516 11 1000000100
517 12 1000000101
518 12 1000000110
519 13 1000000111
520 11 1000001000
521 12 1000001001
522 12 1000001010
523 13 1000001011
524 12 1000001100
525 13 1000001101
526 13 1000001110
527 14 1000001111
528 11 1000010000
529 12 1000010001
530 12 1000010010
531 13 1000010011
532 12 1000010100
533 13 1000010101
534 13 1000010110
535 14 1000010111
536 12 1000011000
537 13 1000011001
538 13 1000011010
539 14 1000011011
540 13 1000011100
541 14 1000011101
542 14 1000011110
543 15 1000011111
544 11 1000100000
545 12 1000100001
546 12 1000100010
547 13 1000100011
548 12 1000100100
549 13 1000100101
550 13 1000100110
551 14 1000100111
552 12 1000101000
553 13 1000101001
554 13 1000101010
555 14 1000101011
556 13 1000101100
557 14 1000101101
558 14 1000101110
559 15 1000101111
560 12 1000110000
561 13 1000110001
562 13 1000110010
563 14 1000110011
564 13 1000110100
565 14 1000110101
566 14 1000110110
567 15 1000110111
568 13 1000111000
569 14 1000111001
570 14 1000111010
571 15 1000111011
572 14 1000111100
573 15 1000111101
574 15 1000111110
575 16 1000111111
576 11 1001000000
577 12 1001000001
578 12 1001000010
579 13 1001000011
580 12 1001000100
581 13 1001000101
582 13 1001000110
583 14 1001000111
584 12 1001001000
585 13 1001001001
586 13 1001001010
587 14 1001001011
588 13 1001001100
589 14 1001001101
590 14 1001001110
591 15 1001001111
592 12 1001010000
593 13 1001010001
594 13 1001010010
595 14 1001010011
596 13 1001010100
597 14 1001010101
598 14 1001010110
599 15 1001010111
600 13 1001011000
601 14 1001011001
602 14 1001011010
603 15 1001011011
604 14 1001011100
605 15 1001011101
606 15 1001011110
607 16 1001011111
608 12 1001100000
609 13 1001100001
610 13 1001100010
611 14 1001100011
612 13 1001100100
613 14 1001100101
614 14 1001100110
615 15 1001100111
616 13 1001101000
617 14 1001101001
618 14 1001101010
619 15 1001101011
620 14 1001101100
621 15 1001101101
622 15 1001101110
623 16 1001101111
624 13 1001110000
625 14 1001110001
626 14 1001110010
627 15 1001110011
628 14 1001110100
629 15 1001110101
630 15 1001110110
631 16 1001110111
632 14 1001111000
633 15 1001111001
634 15 1001111010
635 16 1001111011
636 15 1001111100
637 16 1001111101
638 16 1001111110
639 17 1001111111
640 11 1010000000
641 12 1010000001
642 12 1010000010
643 13 1010000011
644 12 1010000100
645 13 1010000101
646 13 1010000110
647 14 1010000111
648 12 1010001000
649 13 1010001001
650 13 1010001010
651 14 1010001011
652 13 1010001100
653 14 1010001101
654 14 1010001110
655 15 1010001111
656 12 1010010000
657 13 1010010001
658 13 1010010010
659 14 1010010011
660 13 1010010100
661 14 1010010101
662 14 1010010110
663 15 1010010111
664 13 1010011000
665 14 1010011001
666 14 1010011010
667 15 1010011011
668 14 1010011100
669 15 1010011101
670 15 1010011110
671 16 1010011111
672 12 1010100000
673 13 1010100001
674 13 1010100010
675 14 1010100011
676 13 1010100100
677 14 1010100101
678 14 1010100110
679 15 1010100111
680 13 1010101000
681 14 1010101001
682 14 1010101010
683 15 1010101011
684 14 1010101100
685 15 1010101101
686 15 1010101110
687 16 1010101111
688 13 1010110000
689 14 1010110001
690 14 1010110010
691 15 1010110011
692 14 1010110100
693 15 1010110101
694 15 1010110110
695 16 1010110111
696 14 1010111000
697 15 1010111001
698 15 1010111010
699 16 1010111011
700 15 1010111100
701 16 1010111101
702 16 1010111110
703 17 1010111111
704 12 1011000000
705 13 1011000001
706 13 1011000010
707 14 1011000011
708 13 1011000100
709 14 1011000101
710 14 1011000110
711 15 1011000111
712 13 1011001000
713 14 1011001001
714 14 1011001010
715 15 1011001011
716 14 1011001100
717 15 1011001101
718 15 1011001110
719 16 1011001111
720 13 1011010000
721 14 1011010001
722 14 1011010010
723 15 1011010011
724 14 1011010100
725 15 1011010101
726 15 1011010110
727 16 1011010111
728 14 1011011000
729 15 1011011001
730 15 1011011010
731 16 1011011011
732 15 1011011100
733 16 1011011101
734 16 1011011110
735 17 1011011111
736 13 1011100000
737 14 1011100001
738 14 1011100010
739 15 1011100011
740 14 1011100100
741 15 1011100101
742 15 1011100110
743 16 1011100111
744 14 1011101000
745 15 1011101001
746 15 1011101010
747 16 1011101011
748 15 1011101100
749 16 1011101101
750 16 1011101110
751 17 1011101111
752 14 1011110000
753 15 1011110001
754 15 1011110010
755 16 1011110011
756 15 1011110100
757 16 1011110101
758 16 1011110110
759 17 1011110111
760 15 1011111000
761 16 1011111001
762 16 1011111010
763 17 1011111011
764 16 1011111100
765 17 1011111101
766 17 1011111110
767 18 1011111111
768 11 1100000000
769 12 1100000001
770 12 1100000010
771 13 1100000011
772 12 1100000100
773 13 1100000101
774 13 1100000110
775 14 1100000111
776 12 1100001000
777 13 1100001001
778 13 1100001010
779 14 1100001011
780 13 1100001100
781 14 1100001101
782 14 1100001110
783 15 1100001111
784 12 1100010000
785 13 1100010001
786 13 1100010010
787 14 1100010011
788 13 1100010100
789 14 1100010101
790 14 1100010110
791 15 1100010111
792 13 1100011000
793 14 1100011001
794 14 1100011010
795 15 1100011011
796 14 1100011100
797 15 1100011101
798 15 1100011110
799 16 1100011111
800 12 1100100000
801 13 1100100001
802 13 1100100010
803 14 1100100011
804 13 1100100100
805 14 1100100101
806 14 1100100110
807 15 1100100111
808 13 1100101000
809 14 1100101001
810 14 1100101010
811 15 1100101011
812 14 1100101100
813 15 1100101101
814 15 1100101110
815 16 1100101111
816 13 1100110000
817 14 1100110001
818 14 1100110010
819 15 1100110011
820 14 1100110100
821 15 1100110101
822 15 1100110110
823 16 1100110111
824 14 1100111000
825 15 1100111001
826 15 1100111010
827 16 1100111011
828 15 1100111100
829 16 1100111101
830 16 1100111110
831 17 1100111111
832 12 1101000000
833 13 1101000001
834 13 1101000010
835 14 1101000011
836 13 1101000100
837 14 1101000101
838 14 1101000110
839 15 1101000111
840 13 1101001000
841 14 1101001001
842 14 1101001010
843 15 1101001011
844 14 1101001100
845 15 1101001101
846 15 1101001110
847 16 1101001111
848 13 1101010000
849 14 1101010001
850 14 1101010010
851 15 1101010011
852 14 1101010100
853 15 1101010101
854 15 1101010110
855 16 1101010111
856 14 1101011000
857 15 1101011001
858 15 1101011010
859 16 1101011011
860 15 1101011100
861 16 1101011101
862 16 1101011110
863 17 1101011111
864 13 1101100000
865 14 1101100001
866 14 1101100010
867 15 1101100011
868 14 1101100100
869 15 1101100101
870 15 1101100110
871 16 1101100111
872 14 1101101000
873 15 1101101001
874 15 1101101010
875 16 1101101011
876 15 1101101100
877 16 1101101101
878 16 1101101110
879 17 1101101111
880 14 1101110000
881 15 1101110001
882 15 1101110010
883 16 1101110011
884 15 1101110100
885 16 1101110101
886 16 1101110110
887 17 1101110111
888 15 1101111000
889 16 1101111001
890 16 1101111010
891 17 1101111011
892 16 1101111100
893 17 1101111101
894 17 1101111110
895 18 1101111111
896 12 1110000000
897 13 1110000001
898 13 1110000010
899 14 1110000011
900 13 1110000100
901 14 1110000101
902 14 1110000110
903 15 1110000111
904 13 1110001000
905 14 1110001001
906 14 1110001010
907 15 1110001011
908 14 1110001100
909 15 1110001101
910 15 1110001110
911 16 1110001111
912 13 1110010000
913 14 1110010001
914 14 1110010010
915 15 1110010011
916 14 1110010100
917 15 1110010101
918 15 1110010110
919 16 1110010111
920 14 1110011000
921 15 1110011001
922 15 1110011010
923 16 1110011011
924 15 1110011100
925 16 1110011101
926 16 1110011110
927 17 1110011111
928 13 1110100000
929 14 1110100001
930 14 1110100010
931 15 1110100011
932 14 1110100100
933 15 1110100101
934 15 1110100110
935 16 1110100111
936 14 1110101000
937 15 1110101001
938 15 1110101010
939 16 1110101011
940 15 1110101100
941 16 1110101101
942 16 1110101110
943 17 1110101111
944 14 1110110000
945 15 1110110001
946 15 1110110010
947 16 1110110011
948 15 1110110100
949 16 1110110101
950 16 1110110110
951 17 1110110111
952 15 1110111000
953 16 1110111001
954 16 1110111010
955 17 1110111011
956 16 1110111100
957 17 1110111101
958 17 1110111110
959 18 1110111111
960 13 1111000000
961 14 1111000001
962 14 1111000010
963 15 1111000011
964 14 1111000100
965 15 1111000101
966 15 1111000110
967 16 1111000111
968 14 1111001000
969 15 1111001001
970 15 1111001010
971 16 1111001011
972 15 1111001100
973 16 1111001101
974 16 1111001110
975 17 1111001111
976 14 1111010000
977 15 1111010001
978 15 1111010010
979 16 1111010011
980 15 1111010100
981 16 1111010101
982 16 1111010110
983 17 1111010111
984 15 1111011000
985 16 1111011001
986 16 1111011010
987 17 1111011011
988 16 1111011100
989 17 1111011101
990 17 1111011110
991 18 1111011111
992 14 1111100000
993 15 1111100001
994 15 1111100010
995 16 1111100011
996 15 1111100100
997 16 1111100101
998 16 1111100110
999 17 1111100111
1000 15 1111101000
1001 16 1111101001
1002 16 1111101010
1003 17 1111101011
1004 16 1111101100
1005 17 1111101101
1006 17 1111101110
1007 18 1111101111
1008 15 1111110000
1009 16 1111110001
1010 16 1111110010
1011 17 1111110011
1012 16 1111110100
1013 17 1111110101
1014 17 1111110110
1015 18 1111110111
1016 16 1111111000
1017 17 1111111001
1018 17 1111111010
1019 18 1111111011
1020 17 1111111100
1021 18 1111111101
1022 18 1111111110
1023 19 1111111111
1024 11 10000000000
1 1 1
2 2 10
3 3 11
4 3 100
5 4 101
6 4 110
7 5 111
8 4 1000
9 5 1001
10 5 1010
11 6 1011
12 5 1100
13 6 1101
14 6 1110
15 7 1111
16 5 10000
17 6 10001
18 6 10010
19 7 10011
20 6 10100
21 7 10101
22 7 10110
23 8 10111
24 6 11000
25 7 11001
26 7 11010
27 8 11011
28 7 11100
29 8 11101
30 8 11110
31 9 11111
32 6 100000
33 7 100001
34 7 100010
35 8 100011
36 7 100100
37 8 100101
38 8 100110
39 9 100111
40 7 101000
41 8 101001
42 8 101010
43 9 101011
44 8 101100
45 9 101101
46 9 101110
47 10 101111
48 7 110000
49 8 110001
50 8 110010
51 9 110011
52 8 110100
53 9 110101
54 9 110110
55 10 110111
56 8 111000
57 9 111001
58 9 111010
59 10 111011
60 9 111100
61 10 111101
62 10 111110
63 11 111111
64 7 1000000
65 8 1000001
66 8 1000010
67 9 1000011
68 8 1000100
69 9 1000101
70 9 1000110
71 10 1000111
72 8 1001000
73 9 1001001
74 9 1001010
75 10 1001011
76 9 1001100
77 10 1001101
78 10 1001110
79 11 1001111
80 8 1010000
81 9 1010001
82 9 1010010
83 10 1010011
84 9 1010100
85 10 1010101
86 10 1010110
87 11 1010111
88 9 1011000
89 10 1011001
90 10 1011010
91 11 1011011
92 10 1011100
93 11 1011101
94 11 1011110
95 12 1011111
96 8 1100000
97 9 1100001
98 9 1100010
99 10 1100011
100 9 1100100
101 10 1100101
102 10 1100110
103 11 1100111
104 9 1101000
105 10 1101001
106 10 1101010
107 11 1101011
108 10 1101100
109 11 1101101
110 11 1101110
111 12 1101111
112 9 1110000
113 10 1110001
114 10 1110010
115 11 1110011
116 10 1110100
117 11 1110101
118 11 1110110
119 12 1110111
120 10 1111000
121 11 1111001
122 11 1111010
123 12 1111011
124 11 1111100
125 12 1111101
126 12 1111110
127 13 1111111
128 8 10000000
129 9 10000001
130 9 10000010
131 10 10000011
132 9 10000100
133 10 10000101
134 10 10000110
135 11 10000111
136 9 10001000
137 10 10001001
138 10 10001010
139 11 10001011
140 10 10001100
141 11 10001101
142 11 10001110
143 12 10001111
144 9 10010000
145 10 10010001
146 10 10010010
147 11 10010011
148 10 10010100
149 11 10010101
150 11 10010110
151 12 10010111
152 10 10011000
153 11 10011001
154 11 10011010
155 12 10011011
156 11 10011100
157 12 10011101
158 12 10011110
159 13 10011111
160 9 10100000
161 10 10100001
162 10 10100010
163 11 10100011
164 10 10100100
165 11 10100101
166 11 10100110
167 12 10100111
168 10 10101000
169 11 10101001
170 11 10101010
171 12 10101011
172 11 10101100
173 12 10101101
174 12 10101110
175 13 10101111
176 10 10110000
177 11 10110001
178 11 10110010
179 12 10110011
180 11 10110100
181 12 10110101
182 12 10110110
183 13 10110111
184 11 10111000
185 12 10111001
186 12 10111010
187 13 10111011
188 12 10111100
189 13 10111101
190 13 10111110
191 14 10111111
192 9 11000000
193 10 11000001
194 10 11000010
195 11 11000011
196 10 11000100
197 11 11000101
198 11 11000110
199 12 11000111
200 10 11001000
201 11 11001001
202 11 11001010
203 12 11001011
204 11 11001100
205 12 11001101
206 12 11001110
207 13 11001111
208 10 11010000
209 11 11010001
210 11 11010010
211 12 11010011
212 11 11010100
213 12 11010101
214 12 11010110
215 13 11010111
216 11 11011000
217 12 11011001
218 12 11011010
219 13 11011011
220 12 11011100
221 13 11011101
222 13 11011110
223 14 11011111
224 10 11100000
225 11 11100001
226 11 11100010
227 12 11100011
228 11 11100100
229 12 11100101
230 12 11100110
231 13 11100111
232 11 11101000
233 12 11101001
234 12 11101010
235 13 11101011
236 12 11101100
237 13 11101101
238 13 11101110
239 14 11101111
240 11 11110000
241 12 11110001
242 12 11110010
243 13 11110011
244 12 11110100
245 13 11110101
246 13 11110110
247 14 11110111
248 12 11111000
249 13 11111001
250 13 11111010
251 14 11111011
252 13 11111100
253 14 11111101
254 14 11111110
255 15 11111111
256 9 100000000
257 10 100000001
258 10 100000010
259 11 100000011
260 10 100000100
261 11 100000101
262 11 100000110
263 12 100000111
264 10 100001000
265 11 100001001
266 11 100001010
267 12 100001011
268 11 100001100
269 12 100001101
270 12 100001110
271 13 100001111
272 10 100010000
273 11 100010001
274 11 100010010
275 12 100010011
276 11 100010100
277 12 100010101
278 12 100010110
279 13 100010111
280 11 100011000
281 12 100011001
282 12 100011010
283 13 100011011
284 12 100011100
285 13 100011101
286 13 100011110
287 14 100011111
288 10 100100000
289 11 100100001
290 11 100100010
291 12 100100011
292 11 100100100
293 12 100100101
294 12 100100110
295 13 100100111
296 11 100101000
297 12 100101001
298 12 100101010
299 13 100101011
300 12 100101100
301 13 100101101
302 13 100101110
303 14 100101111
304 11 100110000
305 12 100110001
306 12 100110010
307 13 100110011
308 12 100110100
309 13 100110101
310 13 100110110
311 14 100110111
312 12 100111000
313 13 100111001
314 13 100111010
315 14 100111011
316 13 100111100
317 14 100111101
318 14 100111110
319 15 100111111
320 10 101000000
321 11 101000001
322 11 101000010
323 12 101000011
324 11 101000100
325 12 101000101
326 12 101000110
327 13 101000111
328 11 101001000
329 12 101001001
330 12 101001010
331 13 101001011
332 12 101001100
333 13 101001101
334 13 101001110
335 14 101001111
336 11 101010000
337 12 101010001
338 12 101010010
339 13 101010011
340 12 101010100
341 13 101010101
342 13 101010110
343 14 101010111
344 12 101011000
345 13 101011001
346 13 101011010
347 14 101011011
348 13 101011100
349 14 101011101
350 14 101011110
351 15 101011111
352 11 101100000
353 12 101100001
354 12 101100010
355 13 101100011
356 12 101100100
357 13 101100101
358 13 101100110
359 14 101100111
360 12 101101000
361 13 101101001
362 13 101101010
363 14 101101011
364 13 101101100
365 14 101101101
366 14 101101110
367 15 101101111
368 12 101110000
369 13 101110001
370 13 101110010
371 14 101110011
372 13 101110100
373 14 101110101
374 14 101110110
375 15 101110111
376 13 101111000
377 14 101111001
378 14 101111010
379 15 101111011
380 14 101111100
381 15 101111101
382 15 101111110
383 16 101111111
384 10 110000000
385 11 110000001
386 11 110000010
387 12 110000011
388 11 110000100
389 12 110000101
390 12 110000110
391 13 110000111
392 11 110001000
393 12 110001001
394 12 110001010
395 13 110001011
396 12 110001100
397 13 110001101
398 13 110001110
399 14 110001111
400 11 110010000
401 12 110010001
402 12 110010010
403 13 110010011
404 12 110010100
405 13 110010101
406 13 110010110
407 14 110010111
408 12 110011000
409 13 110011001
410 13 110011010
411 14 110011011
412 13 110011100
413 14 110011101
414 14 110011110
415 15 110011111
416 11 110100000
417 12 110100001
418 12 110100010
419 13 110100011
420 12 110100100
421 13 110100101
422 13 110100110
423 14 110100111
424 12 110101000
425 13 110101001
426 13 110101010
427 14 110101011
428 13 110101100
429 14 110101101
430 14 110101110
431 15 110101111
432 12 110110000
433 13 110110001
434 13 110110010
435 14 110110011
436 13 110110100
437 14 110110101
438 14 110110110
439 15 110110111
440 13 110111000
441 14 110111001
442 14 110111010
443 15 110111011
444 14 110111100
445 15 110111101
446 15 110111110
447 16 110111111
448 11 111000000
449 12 111000001
450 12 111000010
451 13 111000011
452 12 111000100
453 13 111000101
454 13 111000110
455 14 111000111
456 12 111001000
457 13 111001001
458 13 111001010
459 14 111001011
460 13 111001100
461 14 111001101
462 14 111001110
463 15 111001111
464 12 111010000
465 13 111010001
466 13 111010010
467 14 111010011
468 13 111010100
469 14 111010101
470 14 111010110
471 15 111010111
472 13 111011000
473 14 111011001
474 14 111011010
475 15 111011011
476 14 111011100
477 15 111011101
478 15 111011110
479 16 111011111
480 12 111100000
481 13 111100001
482 13 111100010
483 14 111100011
484 13 111100100
485 14 111100101
486 14 111100110
487 15 111100111
488 13 111101000
489 14 111101001
490 14 111101010
491 15 111101011
492 14 111101100
493 15 111101101
494 15 111101110
495 16 111101111
496 13 111110000
497 14 111110001
498 14 111110010
499 15 111110011
500 14 111110100
501 15 111110101
502 15 111110110
503 16 111110111
504 14 111111000
505 15 111111001
506 15 111111010
507 16 111111011
508 15 111111100
509 16 111111101
510 16 111111110
511 17 111111111
512 10 1000000000
513 11 1000000001
514 11 1000000010
515 12 1000000011
516 11 1000000100
517 12 1000000101
518 12 1000000110
519 13 1000000111
520 11 1000001000
521 12 1000001001
522 12 1000001010
523 13 1000001011
524 12 1000001100
525 13 1000001101
526 13 1000001110
527 14 1000001111
528 11 1000010000
529 12 1000010001
530 12 1000010010
531 13 1000010011
532 12 1000010100
533 13 1000010101
534 13 1000010110
535 14 1000010111
536 12 1000011000
537 13 1000011001
538 13 1000011010
539 14 1000011011
540 13 1000011100
541 14 1000011101
542 14 1000011110
543 15 1000011111
544 11 1000100000
545 12 1000100001
546 12 1000100010
547 13 1000100011
548 12 1000100100
549 13 1000100101
550 13 1000100110
551 14 1000100111
552 12 1000101000
553 13 1000101001
554 13 1000101010
555 14 1000101011
556 13 1000101100
557 14 1000101101
558 14 1000101110
559 15 1000101111
560 12 1000110000
561 13 1000110001
562 13 1000110010
563 14 1000110011
564 13 1000110100
565 14 1000110101
566 14 1000110110
567 15 1000110111
568 13 1000111000
569 14 1000111001
570 14 1000111010
571 15 1000111011
572 14 1000111100
573 15 1000111101
574 15 1000111110
575 16 1000111111
576 11 1001000000
577 12 1001000001
578 12 1001000010
579 13 1001000011
580 12 1001000100
581 13 1001000101
582 13 1001000110
583 14 1001000111
584 12 1001001000
585 13 1001001001
586 13 1001001010
587 14 1001001011
588 13 1001001100
589 14 1001001101
590 14 1001001110
591 15 1001001111
592 12 1001010000
593 13 1001010001
594 13 1001010010
595 14 1001010011
596 13 1001010100
597 14 1001010101
598 14 1001010110
599 15 1001010111
600 13 1001011000
601 14 1001011001
602 14 1001011010
603 15 1001011011
604 14 1001011100
605 15 1001011101
606 15 1001011110
607 16 1001011111
608 12 1001100000
609 13 1001100001
610 13 1001100010
611 14 1001100011
612 13 1001100100
613 14 1001100101
614 14 1001100110
615 15 1001100111
616 13 1001101000
617 14 1001101001
618 14 1001101010
619 15 1001101011
620 14 1001101100
621 15 1001101101
622 15 1001101110
623 16 1001101111
624 13 1001110000
625 14 1001110001
626 14 1001110010
627 15 1001110011
628 14 1001110100
629 15 1001110101
630 15 1001110110
631 16 1001110111
632 14 1001111000
633 15 1001111001
634 15 1001111010
635 16 1001111011
636 15 1001111100
637 16 1001111101
638 16 1001111110
639 17 1001111111
640 11 1010000000
641 12 1010000001
642 12 1010000010
643 13 1010000011
644 12 1010000100
645 13 1010000101
646 13 1010000110
647 14 1010000111
648 12 1010001000
649 13 1010001001
650 13 1010001010
651 14 1010001011
652 13 1010001100
653 14 1010001101
654 14 1010001110
655 15 1010001111
656 12 1010010000
657 13 1010010001
658 13 1010010010
659 14 1010010011
660 13 1010010100
661 14 1010010101
662 14 1010010110
663 15 1010010111
664 13 1010011000
665 14 1010011001
666 14 1010011010
667 15 1010011011
668 14 1010011100
669 15 1010011101
670 15 1010011110
671 16 1010011111
672 12 1010100000
673 13 1010100001
674 13 1010100010
675 14 1010100011
676 13 1010100100
677 14 1010100101
678 14 1010100110
679 15 1010100111
680 13 1010101000
681 14 1010101001
682 14 1010101010
683 15 1010101011
684 14 1010101100
685 15 1010101101
686 15 1010101110
687 16 1010101111
688 13 1010110000
689 14 1010110001
690 14 1010110010
691 15 1010110011
692 14 1010110100
693 15 1010110101
694 15 1010110110
695 16 1010110111
696 14 1010111000
697 15 1010111001
698 15 1010111010
699 16 1010111011
700 15 1010111100
701 16 1010111101
702 16 1010111110
703 17 1010111111
704 12 1011000000
705 13 1011000001
706 13 1011000010
707 14 1011000011
708 13 1011000100
709 14 1011000101
710 14 1011000110
711 15 1011000111
712 13 1011001000
713 14 1011001001
714 14 1011001010
715 15 1011001011
716 14 1011001100
717 15 1011001101
718 15 1011001110
719 16 1011001111
720 13 1011010000
721 14 1011010001
722 14 1011010010
723 15 1011010011
724 14 1011010100
725 15 1011010101
726 15 1011010110
727 16 1011010111
728 14 1011011000
729 15 1011011001
730 15 1011011010
731 16 1011011011
732 15 1011011100
733 16 1011011101
734 16 1011011110
735 17 1011011111
736 13 1011100000
737 14 1011100001
738 14 1011100010
739 15 1011100011
740 14 1011100100
741 15 1011100101
742 15 1011100110
743 16 1011100111
744 14 1011101000
745 15 1011101001
746 15 1011101010
747 16 1011101011
748 15 1011101100
749 16 1011101101
750 16 1011101110
751 17 1011101111
752 14 1011110000
753 15 1011110001
754 15 1011110010
755 16 1011110011
756 15 1011110100
757 16 1011110101
758 16 1011110110
759 17 1011110111
760 15 1011111000
761 16 1011111001
762 16 1011111010
763 17 1011111011
764 16 1011111100
765 17 1011111101
766 17 1011111110
767 18 1011111111
768 11 1100000000
769 12 1100000001
770 12 1100000010
771 13 1100000011
772 12 1100000100
773 13 1100000101
774 13 1100000110
775 14 1100000111
776 12 1100001000
777 13 1100001001
778 13 1100001010
779 14 1100001011
780 13 1100001100
781 14 1100001101
782 14 1100001110
783 15 1100001111
784 12 1100010000
785 13 1100010001
786 13 1100010010
787 14 1100010011
788 13 1100010100
789 14 1100010101
790 14 1100010110
791 15 1100010111
792 13 1100011000
793 14 1100011001
794 14 1100011010
795 15 1100011011
796 14 1100011100
797 15 1100011101
798 15 1100011110
799 16 1100011111
800 12 1100100000
801 13 1100100001
802 13 1100100010
803 14 1100100011
804 13 1100100100
805 14 1100100101
806 14 1100100110
807 15 1100100111
808 13 1100101000
809 14 1100101001
810 14 1100101010
811 15 1100101011
812 14 1100101100
813 15 1100101101
814 15 1100101110
815 16 1100101111
816 13 1100110000
817 14 1100110001
818 14 1100110010
819 15 1100110011
820 14 1100110100
821 15 1100110101
822 15 1100110110
823 16 1100110111
824 14 1100111000
825 15 1100111001
826 15 1100111010
827 16 1100111011
828 15 1100111100
829 16 1100111101
830 16 1100111110
831 17 1100111111
832 12 1101000000
833 13 1101000001
834 13 1101000010
835 14 1101000011
836 13 1101000100
837 14 1101000101
838 14 1101000110
839 15 1101000111
840 13 1101001000
841 14 1101001001
842 14 1101001010
843 15 1101001011
844 14 1101001100
845 15 1101001101
846 15 1101001110
847 16 1101001111
848 13 1101010000
849 14 1101010001
850 14 1101010010
851 15 1101010011
852 14 1101010100
853 15 1101010101
854 15 1101010110
855 16 1101010111
856 14 1101011000
857 15 1101011001
858 15 1101011010
859 16 1101011011
860 15 1101011100
861 16 1101011101
862 16 1101011110
863 17 1101011111
864 13 1101100000
865 14 1101100001
866 14 1101100010
867 15 1101100011
868 14 1101100100
869 15 1101100101
870 15 1101100110
871 16 1101100111
872 14 1101101000
873 15 1101101001
874 15 1101101010
875 16 1101101011
876 15 1101101100
877 16 1101101101
878 16 1101101110
879 17 1101101111
880 14 1101110000
881 15 1101110001
882 15 1101110010
883 16 1101110011
884 15 1101110100
885 16 1101110101
886 16 1101110110
887 17 1101110111
888 15 1101111000
889 16 1101111001
890 16 1101111010
891 17 1101111011
892 16 1101111100
893 17 1101111101
894 17 1101111110
895 18 1101111111
896 12 1110000000
897 13 1110000001
898 13 1110000010
899 14 1110000011
900 13 1110000100
901 14 1110000101
902 14 1110000110
903 15 1110000111
904 13 1110001000
905 14 1110001001
906 14 1110001010
907 15 1110001011
908 14 1110001100
909 15 1110001101
910 15 1110001110
911 16 1110001111
912 13 1110010000
913 14 1110010001
914 14 1110010010
915 15 1110010011
916 14 1110010100
917 15 1110010101
918 15 1110010110
919 16 1110010111
920 14 1110011000
921 15 1110011001
922 15 1110011010
923 16 1110011011
924 15 1110011100
925 16 1110011101
926 16 1110011110
927 17 1110011111
928 13 1110100000
929 14 1110100001
930 14 1110100010
931 15 1110100011
932 14 1110100100
933 15 1110100101
934 15 1110100110
935 16 1110100111
936 14 1110101000
937 15 1110101001
938 15 1110101010
939 16 1110101011
940 15 1110101100
941 16 1110101101
942 16 1110101110
943 17 1110101111
944 14 1110110000
945 15 1110110001
946 15 1110110010
947 16 1110110011
948 15 1110110100
949 16 1110110101
950 16 1110110110
951 17 1110110111
952 15 1110111000
953 16 1110111001
954 16 1110111010
955 17 1110111011
956 16 1110111100
957 17 1110111101
958 17 1110111110
959 18 1110111111
960 13 1111000000
961 14 1111000001
962 14 1111000010
963 15 1111000011
964 14 1111000100
965 15 1111000101
966 15 1111000110
967 16 1111000111
968 14 1111001000
969 15 1111001001
970 15 1111001010
971 16 1111001011
972 15 1111001100
973 16 1111001101
974 16 1111001110
975 17 1111001111
976 14 1111010000
977 15 1111010001
978 15 1111010010
979 16 1111010011
980 15 1111010100
981 16 1111010101
982 16 1111010110
983 17 1111010111
984 15 1111011000
985 16 1111011001
986 16 1111011010
987 17 1111011011
988 16 1111011100
989 17 1111011101
990 17 1111011110
991 18 1111011111
992 14 1111100000
993 15 1111100001
994 15 1111100010
995 16 1111100011
996 15 1111100100
997 16 1111100101
998 16 1111100110
999 17 1111100111
1000 15 1111101000
1001 16 1111101001
1002 16 1111101010
1003 17 1111101011
1004 16 1111101100
1005 17 1111101101
1006 17 1111101110
1007 18 1111101111
1008 15 1111110000
1009 16 1111110001
1010 16 1111110010
1011 17 1111110011
1012 16 1111110100
1013 17 1111110101
1014 17 1111110110
1015 18 1111110111
1016 16 1111111000
1017 17 1111111001
1018 17 1111111010
1019 18 1111111011
1020 17 1111111100
1021 18 1111111101
1022 18 1111111110
1023 19 1111111111
1024 11 10000000000
1 1 1
2 2 10
3 3 11
4 3 100
5 4 101
6 4 110
7 5 111
8 4 1000
9 5 1001
10 5 1010
11 6 1011
12 5 1100
13 6 1101
14 6 1110
15 7 1111
16 5 10000
17 6 10001
18 6 10010
19 7 10011
20 6 10100
21 7 10101
22 7 10110
23 8 10111
24 6 11000
25 7 11001
26 7 11010
27 8 11011
28 7 11100
29 8 11101
30 8 11110
31 9 11111
32 6 100000
33 7 100001
34 7 100010
35 8 100011
36 7 100100
37 8 100101
38 8 100110
39 9 100111
40 7 101000
41 8 101001
42 8 101010
43 9 101011
44 8 101100
45 9 101101
46 9 101110
47 10 101111
48 7 110000
49 8 110001
50 8 110010
51 9 110011
52 8 110100
53 9 110101
54 9 110110
55 10 110111
56 8 111000
57 9 111001
58 9 111010
59 10 111011
60 9 111100
61 10 111101
62 10 111110
63 11 111111
64 7 1000000
65 8 1000001
66 8 1000010
67 9 1000011
68 8 1000100
69 9 1000101
70 9 1000110
71 10 1000111
72 8 1001000
73 9 1001001
74 9 1001010
75 10 1001011
76 9 1001100
77 10 1001101
78 10 1001110
79 11 1001111
80 8 1010000
81 9 1010001
82 9 1010010
83 10 1010011
84 9 1010100
85 10 1010101
86 10 1010110
87 11 1010111
88 9 1011000
89 10 1011001
90 10 1011010
91 11 1011011
92 10 1011100
93 11 1011101
94 11 1011110
95 12 1011111
96 8 1100000
97 9 1100001
98 9 1100010
99 10 1100011
100 9 1100100
101 10 1100101
102 10 1100110
103 11 1100111
104 9 1101000
105 10 1101001
106 10 1101010
107 11 1101011
108 10 1101100
109 11 1101101
110 11 1101110
111 12 1101111
112 9 1110000
113 10 1110001
114 10 1110010
115 11 1110011
116 10 1110100
117 11 1110101
118 11 1110110
119 12 1110111
120 10 1111000
121 11 1111001
122 11 1111010
123 12 1111011
124 11 1111100
125 12 1111101
126 12 1111110
127 13 1111111
128 8 10000000
129 9 10000001
130 9 10000010
131 10 10000011
132 9 10000100
133 10 10000101
134 10 10000110
135 11 10000111
136 9 10001000
137 10 10001001
138 10 10001010
139 11 10001011
140 10 10001100
141 11 10001101
142 11 10001110
143 12 10001111
144 9 10010000
145 10 10010001
146 10 10010010
147 11 10010011
148 10 10010100
149 11 10010101
150 11 10010110
151 12 10010111
152 10 10011000
153 11 10011001
154 11 10011010
155 12 10011011
156 11 10011100
157 12 10011101
158 12 10011110
159 13 10011111
160 9 10100000
161 10 10100001
162 10 10100010
163 11 10100011
164 10 10100100
165 11 10100101
166 11 10100110
167 12 10100111
168 10 10101000
169 11 10101001
170 11 10101010
171 12 10101011
172 11 10101100
173 12 10101101
174 12 10101110
175 13 10101111
176 10 10110000
177 11 10110001
178 11 10110010
179 12 10110011
180 11 10110100
181 12 10110101
182 12 10110110
183 13 10110111
184 11 10111000
185 12 10111001
186 12 10111010
187 13 10111011
188 12 10111100
189 13 10111101
190 13 10111110
191 14 10111111
192 9 11000000
193 10 11000001
194 10 11000010
195 11 11000011
196 10 11000100
197 11 11000101
198 11 11000110
199 12 11000111
200 10 11001000
201 11 11001001
202 11 11001010
203 12 11001011
204 11 11001100
205 12 11001101
206 12 11001110
207 13 11001111
208 10 11010000
209 11 11010001
210 11 11010010
211 12 11010011
212 11 11010100
213 12 11010101
214 12 11010110
215 13 11010111
216 11 11011000
217 12 11011001
218 12 11011010
219 13 11011011
220 12 11011100
221 13 11011101
222 13 11011110
223 14 11011111
224 10 11100000
225 11 11100001
226 11 11100010
227 12 11100011
228 11 11100100
229 12 11100101
230 12 11100110
231 13 11100111
232 11 11101000
233 12 11101001
234 12 11101010
235 13 11101011
236 12 11101100
237 13 11101101
238 13 11101110
239 14 11101111
240 11 11110000
241 12 11110001
242 12 11110010
243 13 11110011
244 12 11110100
245 13 11110101
246 13 11110110
247 14 11110111
248 12 11111000
249 13 11111001
250 13 11111010
251 14 11111011
252 13 11111100
253 14 11111101
254 14 11111110
255 15 11111111
256 9 100000000
257 10 100000001
258 10 100000010
259 11 100000011
260 10 100000100
261 11 100000101
262 11 100000110
263 12 100000111
264 10 100001000
265 11 100001001
266 11 100001010
267 12 100001011
268 11 100001100
269 12 100001101
270 12 100001110
271 13 100001111
272 10 100010000
273 11 100010001
274 11 100010010
275 12 100010011
276 11 100010100
277 12 100010101
278 12 100010110
279 13 100010111
280 11 100011000
281 12 100011001
282 12 100011010
283 13 100011011
284 12 100011100
285 13 100011101
286 13 100011110
287 14 100011111
288 10 100100000
289 11 100100001
290 11 100100010
291 12 100100011
292 11 100100100
293 12 100100101
294 12 100100110
295 13 100100111
296 11 100101000
297 12 100101001
298 12 100101010
299 13 100101011
300 12 100101100
301 13 100101101
302 13 100101110
303 14 100101111
304 11 100110000
305 12 100110001
306 12 100110010
307 13 100110011
308 12 100110100
309 13 100110101
310 13 100110110
311 14 100110111
312 12 100111000
313 13 100111001
314 13 100111010
315 14 100111011
316 13 100111100
317 14 100111101
318 14 100111110
319 15 100111111
320 10 101000000
321 11 101000001
322 11 101000010
323 12 101000011
324 11 101000100
325 12 101000101
326 12 101000110
327 13 101000111
328 11 101001000
329 12 101001001
330 12 101001010
331 13 101001011
332 12 101001100
333 13 101001101
334 13 101001110
335 14 101001111
336 11 101010000
337 12 101010001
338 12 101010010
339 13 101010011
340 12 101010100
341 13 101010101
342 13 101010110
343 14 101010111
344 12 101011000
345 13 101011001
346 13 101011010
347 14 101011011
348 13 101011100
349 14 101011101
350 14 101011110
351 15 101011111
352 11 101100000
353 12 101100001
354 12 101100010
355 13 101100011
356 12 101100100
357 13 101100101
358 13 101100110
359 14 101100111
360 12 101101000
361 13 101101001
362 13 101101010
363 14 101101011
364 13 101101100
365 14 101101101
366 14 101101110
367 15 101101111
368 12 101110000
369 13 101110001
370 13 101110010
371 14 101110011
372 13 101110100
373 14 101110101
374 14 101110110
375 15 101110111
376 13 101111000
377 14 101111001
378 14 101111010
379 15 101111011
380 14 101111100
381 15 101111101
382 15 101111110
383 16 101111111
384 10 110000000
385 11 110000001
386 11 110000010
387 12 110000011
388 11 110000100
389 12 110000101
390 12 110000110
391 13 110000111
392 11 110001000
393 12 110001001
394 12 110001010
395 13 110001011
396 12 110001100
397 13 110001101
398 13 110001110
399 14 110001111
400 11 110010000
401 12 110010001
402 12 110010010
403 13 110010011
404 12 110010100
405 13 110010101
406 13 110010110
407 14 110010111
408 12 110011000
409 13 110011001
410 13 110011010
411 14 110011011
412 13 110011100
413 14 110011101
414 14 110011110
415 15 110011111
416 11 110100000
417 12 110100001
418 12 110100010
419 13 110100011
420 12 110100100
421 13 110100101
422 13 110100110
423 14 110100111
424 12 110101000
425 13 110101001
426 13 110101010
427 14 110101011
428 13 110101100
429 14 110101101
430 14 110101110
431 15 110101111
432 12 110110000
433 13 110110001
434 13 110110010
435 14 110110011
436 13 110110100
437 14 110110101
438 14 110110110
439 15 110110111
440 13 110111000
441 14 110111001
442 14 110111010
443 15 110111011
444 14 110111100
445 15 110111101
446 15 110111110
447 16 110111111
448 11 111000000
449 12 111000001
450 12 111000010
451 13 111000011
452 12 111000100
453 13 111000101
454 13 111000110
455 14 111000111
456 12 111001000
457 13 111001001
458 13 111001010
459 14 111001011
460 13 111001100
461 14 111001101
462 14 111001110
463 15 111001111
464 12 111010000
465 13 111010001
466 13 111010010
467 14 111010011
468 13 111010100
469 14 111010101
470 14 111010110
471 15 111010111
472 13 111011000
473 14 111011001
474 14 111011010
475 15 111011011
476 14 111011100
477 15 111011101
478 15 111011110
479 16 111011111
480 12 111100000
481 13 111100001
482 13 111100010
483 14 111100011
484 13 111100100
485 14 111100101
486 14 111100110
487 15 111100111
488 13 111101000
489 14 111101001
490 14 111101010
491 15 111101011
492 14 111101100
493 15 111101101
494 15 111101110
495 16 111101111
496 13 111110000
497 14 111110001
498 14 111110010
499 15 111110011
500 14 111110100
501 15 111110101
502 15 111110110
503 16 111110111
504 14 111111000
505 15 111111001
506 15 111111010
507 16 111111011
508 15 111111100
509 16 111111101
510 16 111111110
511 17 111111111
512 10 1000000000
513 11 1000000001
514 11 1000000010
515 12 1000000011
516 11 1000000100
517 12 1000000101
518 12 1000000110
519 13 1000000111
520 11 1000001000
521 12 1000001001
522 12 1000001010
523 13 1000001011
524 12 1000001100
525 13 1000001101
526 13 1000001110
527 14 1000001111
528 11 1000010000
529 12 1000010001
530 12 1000010010
531 13 1000010011
532 12 1000010100
533 13 1000010101
534 13 1000010110
535 14 1000010111
536 12 1000011000
537 13 1000011001
538 13 1000011010
539 14 1000011011
540 13 1000011100
541 14 1000011101
542 14 1000011110
543 15 1000011111
544 11 1000100000
545 12 1000100001
546 12 1000100010
547 13 1000100011
548 12 1000100100
549 13 1000100101
550 13 1000100110
551 14 1000100111
552 12 1000101000
553 13 1000101001
554 13 1000101010
555 14 1000101011
556 13 1000101100
557 14 1000101101
558 14 1000101110
559 15 1000101111
560 12 1000110000
561 13 1000110001
562 13 1000110010
563 14 1000110011
564 13 1000110100
565 14 1000110101
566 14 1000110110
567 15 1000110111
568 13 1000111000
569 14 1000111001
570 14 1000111010
571 15 1000111011
572 14 1000111100
573 15 1000111101
574 15 1000111110
575 16 1000111111
576 11 1001000000
577 12 1001000001
578 12 1001000010
579 13 1001000011
580 12 1001000100
581 13 1001000101
582 13 1001000110
583 14 1001000111
584 12 1001001000
585 13 1001001001
586 13 1001001010
587 14 1001001011
588 13 1001001100
589 14 1001001101
590 14 1001001110
591 15 1001001111
592 12 1001010000
593 13 1001010001
594 13 1001010010
595 14 1001010011
596 13 1001010100
597 14 1001010101
598 14 1001010110
599 15 1001010111
600 13 1001011000
601 14 1001011001
602 14 1001011010
603 15 1001011011
604 14 1001011100
605 15 1001011101
606 15 1001011110
607 16 1001011111
608 12 1001100000
609 13 1001100001
610 13 1001100010
611 14 1001100011
612 13 1001100100
613 14 1001100101
614 14 1001100110
615 15 1001100111
616 13 1001101000
617 14 1001101001
618 14 1001101010
619 15 1001101011
620 14 1001101100
621 15 1001101101
622 15 1001101110
623 16 1001101111
624 13 1001110000
625 14 1001110001
626 14 1001110010
627 15 1001110011
628 14 1001110100
629 15 1001110101
630 15 1001110110
631 16 1001110111
632 14 1001111000
633 15 1001111001
634 15 1001111010
635 16 1001111011
636 15 1001111100
637 16 1001111101
638 16 1001111110
639 17 1001111111
640 11 1010000000
641 12 1010000001
642 12 1010000010
643 13 1010000011
644 12 1010000100
645 13 1010000101
646 13 1010000110
647 14 1010000111
648 12 1010001000
649 13 1010001001
650 13 1010001010
651 14 1010001011
652 13 1010001100
653 14 1010001101
654 14 1010001110
655 15 1010001111
656 12 1010010000
657 13 1010010001
658 13 1010010010
659 14 1010010011
660 13 1010010100
661 14 1010010101
662 14 1010010110
663 15 1010010111
664 13 1010011000
665 14 1010011001
666 14 1010011010
667 15 1010011011
668 14 1010011100
669 15 1010011101
670 15 1010011110
671 16 1010011111
672 12 1010100000
673 13 1010100001
674 13 1010100010
675 14 1010100011
676 13 1010100100
677 14 1010100101
678 14 1010100110
679 15 1010100111
680 13 1010101000
681 14 1010101001
682 14 1010101010
683 15 1010101011
684 14 1010101100
685 15 1010101101
686 15 1010101110
687 16 1010101111
688 13 1010110000
689 14 1010110001
690 14 1010110010
691 15 1010110011
692 14 1010110100
693 15 1010110101
694 15 1010110110
695 16 1010110111
696 14 1010111000
697 15 1010111001
698 15 1010111010
699 16 1010111011
700 15 1010111100
701 16 1010111101
702 16 1010111110
703 17 1010111111
704 12 1011000000
705 13 1011000001
706 13 1011000010
707 14 1011000011
708 13 1011000100
709 14 1011000101
710 14 1011000110
711 15 1011000111
712 13 1011001000
713 14 1011001001
714 14 1011001010
715 15 1011001011
716 14 1011001100
717 15 1011001101
718 15 1011001110
719 16 1011001111
720 13 1011010000
721 14 1011010001
722 14 1011010010
723 15 1011010011
724 14 1011010100
725 15 1011010101
726 15 1011010110
727 16 1011010111
728 14 1011011000
729 15 1011011001
730 15 1011011010
731 16 1011011011
732 15 1011011100
733 16 1011011101
734 16 1011011110
735 17 1011011111
736 13 1011100000
737 14 1011100001
738 14 1011100010
739 15 1011100011
740 14 1011100100
741 15 1011100101
742 15 1011100110
743 16 1011100111
744 14 1011101000
745 15 1011101001
746 15 1011101010
747 16 1011101011
748 15 1011101100
749 16 1011101101
750 16 1011101110
751 17 1011101111
752 14 1011110000
753 15 1011110001
754 15 1011110010
755 16 1011110011
756 15 1011110100
757 16 1011110101
758 16 1011110110
759 17 1011110111
760 15 1011111000
761 16 1011111001
762 16 1011111010
763 17 1011111011
764 16 1011111100
765 17 1011111101
766 17 1011111110
767 18 1011111111
768 11 1100000000
769 12 1100000001
770 12 1100000010
771 13 1100000011
772 12 1100000100
773 13 1100000101
774 13 1100000110
775 14 1100000111
776 12 1100001000
777 13 1100001001
778 13 1100001010
779 14 1100001011
780 13 1100001100
781 14 1100001101
782 14 1100001110
783 15 1100001111
784 12 1100010000
785 13 1100010001
786 13 1100010010
787 14 1100010011
788 13 1100010100
789 14 1100010101
790 14 1100010110
791 15 1100010111
792 13 1100011000
793 14 1100011001
794 14 1100011010
795 15 1100011011
796 14 1100011100
797 15 1100011101
798 15 1100011110
799 16 1100011111
800 12 1100100000
801 13 1100100001
802 13 1100100010
803 14 1100100011
804 13 1100100100
805 14 1100100101
806 14 1100100110
807 15 1100100111
808 13 1100101000
809 14 1100101001
810 14 1100101010
811 15 1100101011
812 14 1100101100
813 15 1100101101
814 15 1100101110
815 16 1100101111
816 13 1100110000
817 14 1100110001
818 14 1100110010
819 15 1100110011
820 14 1100110100
821 15 1100110101
822 15 1100110110
823 16 1100110111
824 14 1100111000
825 15 1100111001
826 15 1100111010
827 16 1100111011
828 15 1100111100
829 16 1100111101
830 16 1100111110
831 17 1100111111
832 12 1101000000
833 13 1101000001
834 13 1101000010
835 14 1101000011
836 13 1101000100
837 14 1101000101
838 14 1101000110
839 15 1101000111
840 13 1101001000
841 14 1101001001
842 14 1101001010
843 15 1101001011
844 14 1101001100
845 15 1101001101
846 15 1101001110
847 16 1101001111
848 13 1101010000
849 14 1101010001
850 14 1101010010
851 15 1101010011
852 14 1101010100
853 15 1101010101
854 15 1101010110
855 16 1101010111
856 14 1101011000
857 15 1101011001
858 15 1101011010
859 16 1101011011
860 15 1101011100
861 16 1101011101
862 16 1101011110
863 17 1101011111
864 13 1101100000
865 14 1101100001
866 14 1101100010
867 15 1101100011
868 14 1101100100
869 15 1101100101
870 15 1101100110
871 16 1101100111
872 14 1101101000
873 15 1101101001
874 15 1101101010
875 16 1101101011
876 15 1101101100
877 16 1101101101
878 16 1101101110
879 17 1101101111
880 14 1101110000
881 15 1101110001
882 15 1101110010
883 16 1101110011
884 15 1101110100
885 16 1101110101
886 16 1101110110
887 17 1101110111
888 15 1101111000
889 16 1101111001
890 16 1101111010
891 17 1101111011
892 16 1101111100
893 17 1101111101
894 17 1101111110
895 18 1101111111
896 12 1110000000
897 13 1110000001
898 13 1110000010
899 14 1110000011
900 13 1110000100
901 14 1110000101
902 14 1110000110
903 15 1110000111
904 13 1110001000
905 14 1110001001
906 14 1110001010
907 15 1110001011
908 14 1110001100
909 15 1110001101
910 15 1110001110
911 16 1110001111
912 13 1110010000
913 14 1110010001
914 14 1110010010
915 15 1110010011
916 14 1110010100
917 15 1110010101
918 15 1110010110
919 16 1110010111
920 14 1110011000
921 15 1110011001
922 15 1110011010
923 16 1110011011
924 15 1110011100
925 16 1110011101
926 16 1110011110
927 17 1110011111
928 13 1110100000
929 14 1110100001
930 14 1110100010
931 15 1110100011
932 14 1110100100
933 15 1110100101
934 15 1110100110
935 16 1110100111
936 14 1110101000
937 15 1110101001
938 15 1110101010
939 16 1110101011
940 15 1110101100
941 16 1110101101
942 16 1110101110
943 17 1110101111
944 14 1110110000
945 15 1110110001
946 15 1110110010
947 16 1110110011
948 15 1110110100
949 16 1110110101
950 16 1110110110
951 17 1110110111
952 15 1110111000
953 16 1110111001
954 16 1110111010
955 17 1110111011
956 16 1110111100
957 17 1110111101
958 17 1110111110
959 18 1110111111
960 13 1111000000
961 14 1111000001
962 14 1111000010
963 15 1111000011
964 14 1111000100
965 15 1111000101
966 15 1111000110
967 16 1111000111
968 14 1111001000
969 15 1111001001
970 15 1111001010
971 16 1111001011
972 15 1111001100
973 16 1111001101
974 16 1111001110
975 17 1111001111
976 14 1111010000
977 15 1111010001
978 15 1111010010
979 16 1111010011
980 15 1111010100
981 16 1111010101
982 16 1111010110
983 17 1111010111
984 15 1111011000
985 16 1111011001
986 16 1111011010
987 17 1111011011
988 16 1111011100
989 17 1111011101
990 17 1111011110
991 18 1111011111
992 14 1111100000
993 15 1111100001
994 15 1111100010
995 16 1111100011
996 15 1111100100
997 16 1111100101
998 16 1111100110
999 17 1111100111
1000 15 1111101000
1001 16 1111101001
1002 16 1111101010
1003 17 1111101011
1004 16 1111101100
1005 17 1111101101
1006 17 1111101110
1007 18 1111101111
1008 15 1111110000
1009 16 1111110001
1010 16 1111110010
1011 17 1111110011
1012 16 1111110100
1013 17 1111110101
1014 17 1111110110
1015 18 1111110111
1016 16 1111111000
1017 17 1111111001
1018 17 1111111010
1019 18 1111111011
1020 17 1111111100
1021 18 1111111101
1022 18 1111111110
1023 19 1111111111
1024 11 10000000000
